User ID	Gender	Age	Annual Salary	Purchased
385	Male	35	20000	0
681	Male	40	43500	0
353	Male	49	74000	0
895	Male	40	107500	1
661	Male	25	79000	0
846	Female	47	33500	1
219	Female	46	132500	1
588	Male	42	64000	0
85	Female	30	84500	0
465	Male	41	52000	0
686	Male	42	80000	0
408	Male	47	23000	1
790	Female	32	72500	0
116	Female	27	57000	0
118	Female	42	108000	1
54	Female	33	149000	1
90	Male	35	75000	0
372	Male	35	53000	0
926	Male	46	79000	1
94	Female	39	134000	1
338	Female	39	51500	0
134	Female	49	39000	1
821	Male	54	25500	1
294	Male	41	61500	0
597	Male	31	117500	0
567	Female	24	58000	0
20	Female	40	107000	1
108	Male	40	97500	1
105	Male	48	29000	1
994	Female	38	147500	1
273	Male	45	26000	1
263	Female	32	67500	0
423	Female	37	62000	0
88	Female	41	79500	0
81	Female	44	113500	1
257	Male	47	41500	0
755	Male	38	55000	0
249	Female	39	114500	1
121	Female	42	73000	1
